196
Sebastes_variegatus-OR641553.1_15142_14393     0.0000000 0.0511573 0.0385558 0.0507076 0.0522199 0.1189904 0.0250403 0.0521441 0.0503749 0.0737953 0.0431421 0.0495362 0.0732554 0.0862537 0.0480544 0.0612339 0.0749164 0.0960816 0.0515975 0.0507107 0.0137112 0.0757771 0.0775123 0.0550311 0.0666156 0.0513837 0.0513837 0.0288937 0.0758101 0.0463785 0.0507047 0.0659452 0.0598960 0.0507107 0.0427374 0.0529068 0.0400565 0.0385760 0.0575409 0.0737953 0.0543056 0.0543400 0.1340464 0.0465209 0.0637868 0.0583727 0.0536124 0.0296215 0.0808765 0.0633639 0.0507107 0.0845702 0.0730095 0.0571542 0.0325708 0.0473633 0.0639623 0.0813800 0.0814671 0.0369176 0.0477688 0.0528131 0.0515943 0.0800895 0.0618508 0.0372087 0.0535293 0.0575409 0.0518442 0.0472836 0.0516633 0.0519634 0.0522567 0.0809756 0.0385328 0.0581007 0.0492138 0.1136003 0.0053959 0.0460689 0.0657629 0.0488245 0.0498195 0.0551241 0.0361306 0.0521852 0.0639883 0.0501205 0.0706634 0.0696090 0.0477438 0.0053803 0.0758119 0.0514528 0.0475193 0.0295299 0.0756934 0.0798641 0.0040382 0.0040274 0.0518934 0.0524558 0.0389053 0.0764986 0.0585456 0.0413255 0.0555307 0.0617405 0.0513907 0.0459964 0.0644739 0.0774280 0.0717525 0.0844596 0.0513153 0.0468296 0.0567303 0.0554260 0.0445724 0.0480544 0.0888600 0.0493048 0.0551193 0.0531893 0.0757901 0.0492138 0.1301620 0.1122563 0.0809073 0.0535295 0.0763529 0.0509587 0.0837250 0.0541140 0.2245270 0.0500420 0.0518895 0.0942435 0.0433853 0.0505772 0.0715655 0.0444339 0.0476002 0.0459610 0.0524059 0.0414823 0.0505772 0.0415871 0.0561091 0.0596003 0.0507804 0.0040547 0.0797343 0.0179050 0.0428676 0.0530118 0.0572817 0.0757458 0.0841418 0.0506863 0.0507076 0.0493045 0.0838613 0.0919894 0.3116535 0.0369176 0.0309695 0.0512939 0.0574043 0.0493250 0.0477897 0.0179050 0.0875108 0.0431266 0.0526596 0.0545781 0.0744222 0.0652220 0.0632880 0.0525950 0.0493683 0.0872161 0.0507916 0.0768554 0.0829390 0.0587322 0.0586456 0.0400982 0.0928783 0.0355447 0.0587562 0.0739063 0.0576259 0.0522631 0.0631757 0.0767083 
4H1_766_25                                     0.0511573 0.0000000 0.0513235 0.0464567 0.0013516 0.1307937 0.0541468 0.0013498 0.0000010 0.0829659 0.0450565 0.0477350 0.0691314 0.0937921 0.0484602 0.0611421 0.0832353 0.0957498 0.0467320 0.0464596 0.0496232 0.0890492 0.0868392 0.0516130 0.0796673 0.0000010 0.0000010 0.0524174 0.0842353 0.0467662 0.0505469 0.0531293 0.0548130 0.0464596 0.0457609 0.0013536 0.0497155 0.0404303 0.0515341 0.0829659 0.0595815 0.0531934 0.1639181 0.0429643 0.0083707 0.0516721 0.0013699 0.0435405 0.0768957 0.0638963 0.0464596 0.0877395 0.0769932 0.0549168 0.0404330 0.0493704 0.0647584 0.0742613 0.0920476 0.0357190 0.0466003 0.0498283 0.0467291 0.0895381 0.0055010 0.0421562 0.0517572 0.0515341 0.0501588 0.0510710 0.0467911 0.0470604 0.0480015 0.0884754 0.0373382 0.0042185 0.0480542 0.1081675 0.0577056 0.0480157 0.0555381 0.0470864 0.0503804 0.0030751 0.0256741 0.0527819 0.0564054 0.0472997 0.0522687 0.0660530 0.0475953 0.0543136 0.0848280 0.0466021 0.0457818 0.0434008 0.0841048 0.0796299 0.0559331 0.0559327 0.0027787 0.0504918 0.0439140 0.0903814 0.0041385 0.0494187 0.0520603 0.0099755 0.0000010 0.0417538 0.0633445 0.0789034 0.0810067 0.0985244 0.0000010 0.0466822 0.0532465 0.0662294 0.0402982 0.0484602 0.0884171 0.0481601 0.0492143 0.0013602 0.0861941 0.0480542 0.1274485 0.1052861 0.0877719 0.0497654 0.0848430 0.0013624 0.0910288 0.0428693 0.1456101 0.0498835 0.0469941 0.0770320 0.0375750 0.0000010 0.0827892 0.0494157 0.0464348 0.0417216 0.0480015 0.0403036 0.0000010 0.0513020 0.0044318 0.0542492 0.0496277 0.0561813 0.0848560 0.0402080 0.0447664 0.0496040 0.0535892 0.0897340 0.0820084 0.0489947 0.0464567 0.0464498 0.0914836 0.0894101 0.2996176 0.0357190 0.0527063 0.0464596 0.0524823 0.0529130 0.0466370 0.0402080 0.0975131 0.0450400 0.0013862 0.0027169 0.0846236 0.0649971 0.0054177 0.0013571 0.0000010 0.0946950 0.0000010 0.0874177 0.0903161 0.0534675 0.0519103 0.0450620 0.0969697 0.0404339 0.0528494 0.0830929 0.0516102 0.0479909 0.0114005 0.0872487 
Sebastes_crameri-OR641512.1_15141_14392        0.0385558 0.0513235 0.0000000 0.0493349 0.0492665 0.1428453 0.0414801 0.0491950 0.0505407 0.0757304 0.0479388 0.0480670 0.0716150 0.0885511 0.0561522 0.0679076 0.0768874 0.0990721 0.0502023 0.0493379 0.0446860 0.0797207 0.0777720 0.0568798 0.0704695 0.0515515 0.0515515 0.0524174 0.0778100 0.0512690 0.0492926 0.0678028 0.0617677 0.0493379 0.0444593 0.0499141 0.0067395 0.0432967 0.0593263 0.0757304 0.0593189 0.0642334 0.1229806 0.0484374 0.0590312 0.0601886 0.0505793 0.0385016 0.0774544 0.0689397 0.0493379 0.0932629 0.0835357 0.0679905 0.0432995 0.0492535 0.0661012 0.0797583 0.0835658 0.0400669 0.0526440 0.0561684 0.0501992 0.0825327 0.0620595 0.0403993 0.0521257 0.0593263 0.0504428 0.0556397 0.0502665 0.0505590 0.0508843 0.0832371 0.0417108 0.0549838 0.0478396 0.1195945 0.0417222 0.0540823 0.0676583 0.0474190 0.0501531 0.0553294 0.0425484 0.0541697 0.0593652 0.0487021 0.0796244 0.0750538 0.0463245 0.0416041 0.0777714 0.0500613 0.0525415 0.0383806 0.0776895 0.0701677 0.0432627 0.0431399 0.0490087 0.0508561 0.0421332 0.0785209 0.0587426 0.0507128 0.0540785 0.0619537 0.0515585 0.0430740 0.0696994 0.0886764 0.0737027 0.0913209 0.0514826 0.0421745 0.0553273 0.0734779 0.0401052 0.0561522 0.1039306 0.0542040 0.0554558 0.0533643 0.0778312 0.0478396 0.1283001 0.1162825 0.0829477 0.0519503 0.0783703 0.0496998 0.0840349 0.0450262 0.1975915 0.0486038 0.0504870 0.0857252 0.0466454 0.0507396 0.0737200 0.0539266 0.0524774 0.0461229 0.0510299 0.0462366 0.0507396 0.0026778 0.0528426 0.0615111 0.0494059 0.0434512 0.0911213 0.0369772 0.0491722 0.0548803 0.0557447 0.0813261 0.0955991 0.0492735 0.0493349 0.0448291 0.0861732 0.1034668 0.3089136 0.0400669 0.0325511 0.0499064 0.0559861 0.0558634 0.0526488 0.0369772 0.0901474 0.0479050 0.0528359 0.0515732 0.0764184 0.0691164 0.0592524 0.0527660 0.0495274 0.0914178 0.0509554 0.0789318 0.0851723 0.0606106 0.0604714 0.0479447 0.0933286 0.0387009 0.0622023 0.0758449 0.0594145 0.0540497 0.0633936 0.0787798 
4F3_798_48                                     0.0507076 0.0464567 0.0493349 0.0000000 0.0444764 0.1544298 0.0568520 0.0443488 0.0471995 0.0687843 0.0447076 0.0221790 0.0180810 0.0782956 0.0527657 0.0353733 0.0698221 0.0859062 0.0027222 0.0026789 0.0507317 0.0742276 0.0724310 0.0054826 0.0650616 0.0466609 0.0466609 0.0772605 0.0706496 0.0558645 0.0227766 0.0541754 0.0514530 0.0026789 0.0491084 0.0450552 0.0477488 0.0401188 0.0461332 0.0687843 0.0477464 0.0559308 0.0673703 0.0263959 0.0555601 0.0468537 0.0456498 0.0478215 0.0215302 0.0721634 0.0026753 0.0957169 0.0849051 0.0590543 0.0493678 0.0523276 0.0141073 0.0175742 0.0778793 0.0384335 0.0524854 0.0323876 0.0000010 0.0745322 0.0585684 0.0448276 0.0240785 0.0461999 0.0225777 0.0538812 0.0000010 0.0000010 0.0013356 0.0730925 0.0400030 0.0515160 0.0235645 0.1217100 0.0571936 0.0554834 0.0538398 0.0226469 0.0253700 0.0513654 0.0405315 0.0302403 0.0310441 0.0027266 0.0626741 0.0765222 0.0228832 0.0507076 0.0707541 0.0027151 0.0605560 0.0476680 0.0705415 0.0800089 0.0524282 0.0554379 0.0472687 0.0000010 0.0466637 0.0730139 0.0536708 0.0521250 0.0028318 0.0600678 0.0466673 0.0444803 0.0711306 0.0901594 0.0666869 0.0981763 0.0465993 0.0173029 0.0299480 0.0625895 0.0523555 0.0527657 0.1004223 0.0540789 0.0438573 0.0484249 0.0722696 0.0235645 0.0775669 0.1087422 0.0756838 0.0256254 0.0711518 0.0448639 0.0760264 0.0188079 0.1700143 0.0246971 0.0027364 0.0855334 0.0418637 0.0459333 0.0683824 0.0521903 0.0602577 0.0475320 0.0013389 0.0399940 0.0458673 0.0493145 0.0490835 0.0491719 0.0250090 0.0526585 0.0944610 0.0459752 0.0474739 0.0245639 0.0045214 0.0722273 0.0947401 0.0242392 0.0000010 0.0178972 0.0758327 0.0981262 0.2489089 0.0384335 0.0554379 0.0027074 0.0273250 0.0250701 0.0493789 0.0459752 0.0816324 0.0416008 0.0494255 0.0466804 0.0709713 0.0214049 0.0545182 0.0463306 0.0462576 0.0811747 0.0461268 0.0732807 0.0751687 0.0484686 0.0470679 0.0447130 0.0796033 0.0431590 0.0221504 0.0688871 0.0462000 0.0235350 0.0615030 0.0731410 
4H4_799_49                                     0.0522199 0.0013516 0.0492665 0.0444764 0.0000000 0.1307937 0.0551874 0.0000010 0.0013712 0.0804298 0.0430901 0.0461003 0.0672039 0.0918569 0.0464335 0.0611421 0.0816603 0.0957498 0.0452495 0.0444791 0.0506961 0.0862157 0.0842330 0.0501836 0.0770805 0.0013571 0.0013571 0.0524174 0.0826412 0.0447689 0.0490365 0.0576330 0.0530250 0.0444791 0.0442627 0.0000010 0.0476830 0.0385301 0.0494661 0.0804298 0.0573958 0.0510986 0.1639181 0.0412847 0.0069612 0.0501714 0.0000010 0.0446541 0.0750630 0.0651209 0.0444791 0.0846520 0.0745222 0.0528905 0.0385326 0.0474333 0.0624327 0.0719430 0.0902510 0.0338925 0.0446122 0.0498283 0.0452467 0.0876634 0.0111477 0.0401651 0.0486601 0.0494661 0.0485913 0.0489676 0.0453067 0.0455674 0.0459995 0.0865523 0.0354837 0.0042142 0.0460495 0.1055684 0.0587298 0.0490978 0.0554786 0.0455925 0.0483134 0.0046256 0.0277412 0.0506506 0.0542644 0.0453338 0.0522687 0.0677544 0.0460166 0.0522199 0.0825048 0.0451238 0.0474431 0.0445119 0.0825131 0.0699648 0.0571294 0.0569655 0.0013733 0.0487000 0.0419467 0.0887597 0.0069203 0.0474021 0.0504265 0.0128710 0.0013573 0.0398439 0.0643439 0.0771343 0.0784596 0.0985244 0.0013555 0.0450857 0.0518147 0.0662294 0.0414271 0.0464335 0.0884171 0.0461496 0.0471474 0.0027304 0.0844285 0.0460495 0.1271933 0.1052861 0.0860355 0.0480008 0.0832372 0.0000010 0.0891551 0.0390956 0.1456101 0.0482749 0.0455032 0.0770320 0.0387295 0.0013370 0.0802136 0.0474610 0.0475260 0.0398136 0.0461297 0.0384109 0.0013370 0.0492461 0.0029480 0.0525914 0.0476000 0.0572972 0.0830524 0.0413350 0.0428162 0.0480048 0.0518540 0.0879554 0.0799550 0.0474191 0.0444764 0.0461337 0.0895277 0.0872989 0.2996176 0.0338925 0.0537586 0.0449858 0.0491957 0.0508328 0.0446469 0.0413350 0.0955306 0.0430746 0.0027791 0.0013576 0.0828929 0.0632375 0.0054177 0.0027026 0.0013460 0.0946950 0.0013421 0.0856249 0.0884239 0.0518348 0.0504026 0.0430953 0.0948028 0.0385334 0.0507725 0.0804298 0.0494661 0.0459895 0.0128211 0.0854596 
3C5_393_248                                    0.1189904 0.1307937 0.1428453 0.1544298 0.1307937 0.0000000 0.1307937 0.1307937 0.1307937 0.1805379 0.1420830 0.1424928 0.1544298 0.1805379 0.1428453 0.0000010 0.1805379 0.1805379 0.1544298 0.1544298 0.1189904 0.1805379 0.1805379 0.1544298 0.1805379 0.1307937 0.1307937 0.1206189 0.1805379 0.1161798 0.1544298 0.1737883 0.1737883 0.1544298 0.1424928 0.1307937 0.1424336 0.1304197 0.1737883 0.1805379 0.1702542 0.1428453 0.0000010 0.1307937 0.1320414 0.1737883 0.1307937 0.1193293 0.1420685 0.1190392 0.1544298 0.1461205 0.0734906 0.1186534 0.1077935 0.1424336 0.1544298 0.1544298 0.1805379 0.1280261 0.1424928 0.1187189 0.1544298 0.1805379 0.1307937 0.1189904 0.1544298 0.1737883 0.1544298 0.1307937 0.1544298 0.1544298 0.1544298 0.1805379 0.1280261 0.1307937 0.1424928 0.0633676 0.1189904 0.1304197 0.1737883 0.1424928 0.1424928 0.1307937 0.1307937 0.1424928 0.1457583 0.1514532 0.1428248 0.1190392 0.1424928 0.1189904 0.1805379 0.1544298 0.1304197 0.1193293 0.1805379 0.0814501 0.1189904 0.1189904 0.1307937 0.1544298 0.1189904 0.1805379 0.1307937 0.1186534 0.1544298 0.1307937 0.1307937 0.1307937 0.1190392 0.0633676 0.1805379 0.1237354 0.1307937 0.1544298 0.1424928 0.3754787 0.1189904 0.1428453 0.0633676 0.1835002 0.1737883 0.1307937 0.1805379 0.1424928 0.2455079 0.1536449 0.1805379 0.1424928 0.1805379 0.1307937 0.1805379 0.1544298 0.3279243 0.1424928 0.1544298 0.2131098 0.1424928 0.1307937 0.1805379 0.1186534 0.1304197 0.1304735 0.1544298 0.1420830 0.1307937 0.1548134 0.1307937 0.1737883 0.1548692 0.1189904 0.0633676 0.1189904 0.1074907 0.1424928 0.1544298 0.1805379 0.0633676 0.1424928 0.1544298 0.1544298 0.1805379 0.0836371 0.4224635 0.1280261 0.1057679 0.1544298 0.1544298 0.1452878 0.1307937 0.1189904 0.1805379 0.1424928 0.1307937 0.1307937 0.1805379 0.1393604 0.1456532 0.1320965 0.1320965 0.1805379 0.1307937 0.1805379 0.1805379 0.1737883 0.1737883 0.1307937 0.1805379 0.1189904 0.1424928 0.1805379 0.1737883 0.1424928 0.1307937 0.1805379 
Sebastes_brevispinis-OR641505.1_15141_14392    0.0250403 0.0541468 0.0414801 0.0568520 0.0551874 0.1307937 0.0000000 0.0551073 0.0534047 0.0802786 0.0460928 0.0527210 0.0809914 0.0937520 0.0541990 0.0747049 0.0815044 0.1031155 0.0546326 0.0536924 0.0308913 0.0844493 0.0840732 0.0613645 0.0769599 0.0543868 0.0543868 0.0141387 0.0824815 0.0540901 0.0537741 0.0690474 0.0630688 0.0536924 0.0426211 0.0559141 0.0429881 0.0415017 0.0605859 0.0802786 0.0589404 0.0638197 0.1201597 0.0532824 0.0669017 0.0614629 0.0566605 0.0384913 0.0862892 0.0616705 0.0536924 0.0909970 0.0829391 0.0610591 0.0415183 0.0521740 0.0724387 0.0911450 0.0883851 0.0398228 0.0507446 0.0588406 0.0578518 0.0876270 0.0649459 0.0401377 0.0533817 0.0605859 0.0517019 0.0520857 0.0579298 0.0582681 0.0584212 0.0884377 0.0414552 0.0612328 0.0521910 0.1245084 0.0309724 0.0537423 0.0689294 0.0518675 0.0529997 0.0585441 0.0403884 0.0538083 0.0703734 0.0579668 0.0706208 0.0676800 0.0508109 0.0308772 0.0823487 0.0544792 0.0522035 0.0383704 0.0823540 0.1003646 0.0294983 0.0294164 0.0534841 0.0596495 0.0418570 0.0832352 0.0616221 0.0442318 0.0621036 0.0649074 0.0543941 0.0427959 0.0626311 0.0880039 0.0783151 0.0981512 0.0543143 0.0532154 0.0598101 0.0589468 0.0475242 0.0541990 0.1028944 0.0491556 0.0600183 0.0562131 0.0825994 0.0521910 0.1371265 0.1190224 0.0876412 0.0569762 0.0830753 0.0556736 0.0909910 0.0510736 0.1965998 0.0531623 0.0549422 0.0855611 0.0463536 0.0535323 0.0783679 0.0473600 0.0521496 0.0427632 0.0585889 0.0444149 0.0535323 0.0445277 0.0593926 0.0628399 0.0537664 0.0296237 0.0904241 0.0235554 0.0457833 0.0594501 0.0642673 0.0825513 0.0968792 0.0537547 0.0568520 0.0554477 0.0914440 0.1047191 0.3362662 0.0398228 0.0353198 0.0543106 0.0605212 0.0586608 0.0507668 0.0235554 0.0954890 0.0460762 0.0557385 0.0575978 0.0811011 0.0758736 0.0651622 0.0555842 0.0523366 0.0946549 0.0537594 0.0837667 0.0902783 0.0619239 0.0617506 0.0430328 0.1013328 0.0384522 0.0633805 0.0803998 0.0606755 0.0584284 0.0663382 0.0836055 
4C7_799_49                                     0.0521441 0.0013498 0.0491950 0.0443488 0.0000010 0.1307937 0.0551073 0.0000000 0.0013695 0.0803085 0.0430281 0.0461003 0.0672039 0.0918569 0.0463659 0.0611421 0.0815352 0.0957498 0.0451833 0.0444152 0.0506226 0.0862157 0.0841049 0.0516299 0.0769599 0.0013553 0.0013553 0.0524174 0.0825131 0.0447040 0.0489635 0.0574630 0.0530250 0.0444152 0.0441972 0.0000010 0.0476140 0.0384749 0.0493223 0.0803085 0.0573114 0.0510250 0.1639181 0.0412847 0.0083622 0.0500973 0.0000010 0.0445896 0.0750630 0.0650202 0.0443515 0.0844902 0.0744094 0.0528905 0.0384774 0.0473628 0.0623378 0.0719430 0.0902510 0.0338445 0.0445479 0.0498283 0.0451805 0.0876634 0.0111477 0.0401074 0.0501800 0.0493940 0.0485197 0.0488948 0.0452403 0.0455003 0.0459333 0.0865523 0.0353828 0.0042142 0.0459831 0.1055684 0.0586437 0.0490268 0.0571971 0.0455254 0.0482425 0.0046256 0.0277412 0.0505752 0.0541849 0.0452673 0.0522687 0.0693566 0.0460166 0.0521441 0.0823796 0.0450580 0.0473726 0.0444478 0.0823855 0.0699648 0.0570458 0.0568823 0.0013715 0.0487000 0.0418858 0.0886201 0.0069203 0.0473339 0.0504265 0.0128710 0.0013547 0.0397871 0.0642478 0.0771343 0.0783396 0.0985244 0.0013536 0.0450857 0.0532642 0.0662294 0.0413678 0.0463659 0.0884171 0.0460829 0.0470778 0.0027267 0.0844285 0.0459831 0.1271933 0.1052861 0.0876749 0.0480008 0.0831073 0.0000010 0.0891551 0.0389863 0.1456101 0.0482749 0.0454363 0.0770320 0.0386737 0.0013353 0.0800906 0.0473926 0.0474575 0.0397568 0.0460631 0.0383560 0.0013334 0.0491747 0.0029480 0.0525914 0.0475312 0.0572972 0.0830524 0.0412759 0.0427549 0.0480048 0.0518540 0.0879554 0.0799550 0.0473487 0.0444125 0.0460671 0.0895277 0.0872989 0.2996176 0.0338445 0.0536804 0.0449204 0.0507328 0.0507589 0.0445825 0.0412759 0.0955306 0.0430126 0.0027791 0.0013558 0.0828929 0.0632375 0.0054177 0.0026989 0.0013442 0.0946950 0.0013405 0.0856249 0.0884239 0.0518348 0.0503278 0.0430333 0.0948028 0.0384782 0.0506988 0.0804298 0.0493941 0.0459233 0.0128211 0.0854596 
2E2_771_40                                     0.0503749 0.0000010 0.0505407 0.0471995 0.0013712 0.1307937 0.0534047 0.0013695 0.0000000 0.0843662 0.0457778 0.0477350 0.0691314 0.0937921 0.0492442 0.0611421 0.0843662 0.0957498 0.0472025 0.0472025 0.0472283 0.0906045 0.0883180 0.0520671 0.0809448 0.0000010 0.0000010 0.0524174 0.0843662 0.0459232 0.0505469 0.0539938 0.0548130 0.0472025 0.0457609 0.0013695 0.0489128 0.0410736 0.0523697 0.0843662 0.0605596 0.0540601 0.1639181 0.0429643 0.0084061 0.0523697 0.0013868 0.0426595 0.0768957 0.0632485 0.0472025 0.0896274 0.0782972 0.0549168 0.0410763 0.0501841 0.0658579 0.0742613 0.0920476 0.0362814 0.0473478 0.0498283 0.0471995 0.0895381 0.0027603 0.0428315 0.0519880 0.0523697 0.0503821 0.0519161 0.0471995 0.0472694 0.0487704 0.0884754 0.0379291 0.0042185 0.0472322 0.1081675 0.0570046 0.0471939 0.0541550 0.0472956 0.0495761 0.0030751 0.0256741 0.0519983 0.0573285 0.0479977 0.0522687 0.0661545 0.0475953 0.0535714 0.0862650 0.0472025 0.0446479 0.0425209 0.0844975 0.0796299 0.0552113 0.0535904 0.0028203 0.0504918 0.0446223 0.0903814 0.0041559 0.0486170 0.0520603 0.0099755 0.0000010 0.0424161 0.0627100 0.0789034 0.0823936 0.0985244 0.0000010 0.0466822 0.0520992 0.0662294 0.0409372 0.0492442 0.0884171 0.0489342 0.0500240 0.0013797 0.0861941 0.0472322 0.1274485 0.1052861 0.0881840 0.0497654 0.0852426 0.0013831 0.0910288 0.0410934 0.1456101 0.0498835 0.0472025 0.0770320 0.0381736 0.0000010 0.0842102 0.0502065 0.0455936 0.0423829 0.0487704 0.0393864 0.0000010 0.0505192 0.0044318 0.0542492 0.0488253 0.0554597 0.0848560 0.0392917 0.0454784 0.0496040 0.0535892 0.0897340 0.0820084 0.0492142 0.0471995 0.0456086 0.0914836 0.0894101 0.2996176 0.0362814 0.0519439 0.0472025 0.0527197 0.0521504 0.0473856 0.0392917 0.0975131 0.0457609 0.0013862 0.0027462 0.0846236 0.0649971 0.0054177 0.0013766 0.0000010 0.0946950 0.0000010 0.0874177 0.0903161 0.0534675 0.0523697 0.0457836 0.0969697 0.0410773 0.0537036 0.0844975 0.0524484 0.0487595 0.0114005 0.0872487 
Sebastes_jordani-NC_085188.1_15145_14396       0.0737953 0.0829659 0.0757304 0.0687843 0.0804298 0.1805379 0.0802786 0.0803085 0.0843662 0.0000000 0.0724476 0.0742164 0.0986728 0.0030157 0.0830606 0.1124593 0.0000010 0.0018749 0.0734209 0.0721145 0.0805771 0.0055403 0.0026898 0.0771781 0.0000010 0.0833521 0.0833521 0.0862044 0.0000010 0.0738638 0.0745168 0.0799185 0.0793898 0.0721145 0.0762263 0.0815352 0.0706515 0.0674755 0.0744701 0.0000010 0.0812348 0.0865323 0.2007606 0.0794944 0.0938897 0.0755785 0.0809213 0.0707881 0.1010283 0.0951491 0.0721145 0.0869615 0.0920086 0.0951142 0.0658285 0.0708526 0.0815972 0.1102313 0.0042269 0.0704637 0.0691046 0.0917912 0.0700248 0.0029586 0.0970767 0.0761293 0.0790780 0.0744701 0.0772264 0.0741581 0.0701218 0.0705415 0.0704153 0.0015125 0.0723454 0.0899934 0.0705457 0.1420520 0.0808123 0.0754560 0.0835713 0.0706344 0.0733458 0.0939704 0.0697648 0.0759856 0.0882427 0.0735664 0.1174981 0.0998616 0.0714276 0.0738224 0.0013416 0.0732075 0.0796920 0.0705499 0.0000010 0.1005527 0.0790992 0.0754793 0.0789626 0.0757016 0.0782135 0.0041596 0.0916110 0.0736013 0.0767589 0.0978217 0.0833631 0.0838318 0.0935845 0.0996198 0.0000010 0.1208549 0.0832353 0.0742904 0.0790221 0.1018105 0.0789294 0.0830606 0.1211078 0.0724113 0.0723874 0.0854569 0.0000010 0.0705457 0.1589019 0.1340235 0.0041214 0.0804486 0.0000010 0.0811691 0.0074169 0.0511080 0.0981771 0.0742169 0.0738516 0.1125940 0.0762005 0.0819807 0.0000010 0.0736973 0.0771135 0.0803436 0.0706220 0.0722175 0.0819807 0.0756974 0.0895318 0.0795103 0.0722174 0.0794603 0.1021858 0.0719840 0.0719390 0.0737822 0.0799108 0.0027986 0.1106316 0.0727343 0.0687843 0.0740357 0.0000010 0.1097603 0.3253987 0.0704637 0.0805367 0.0729729 0.0800222 0.0774526 0.0741603 0.0719840 0.0061776 0.0707744 0.0873211 0.0833891 0.0000010 0.0861503 0.1053978 0.0827253 0.0808729 0.0059992 0.0823434 0.0000010 0.0014828 0.0783179 0.0759422 0.0708097 0.0000010 0.0740970 0.0858765 0.0000010 0.0745831 0.0671628 0.0992634 0.0000010 
Sebastes_rosenblatti-NC_082792.1_15144_14395   0.0431421 0.0450565 0.0479388 0.0447076 0.0430901 0.1420830 0.0460928 0.0430281 0.0457778 0.0724476 0.0000000 0.0447684 0.0677255 0.0867062 0.0482155 0.0553154 0.0735509 0.0917243 0.0454889 0.0447103 0.0462381 0.0763545 0.0761614 0.0520626 0.0671229 0.0452548 0.0452548 0.0603665 0.0744306 0.0403619 0.0429435 0.0515863 0.0469062 0.0447103 0.0111531 0.0436515 0.0463546 0.0040341 0.0435286 0.0724476 0.0545083 0.0577614 0.1234653 0.0450020 0.0541251 0.0441468 0.0442283 0.0370088 0.0756499 0.0583521 0.0447103 0.0848354 0.0800313 0.0553763 0.0237084 0.0243374 0.0594527 0.0750472 0.0818627 0.0281165 0.0266055 0.0474535 0.0454861 0.0807881 0.0571361 0.0404045 0.0441750 0.0435286 0.0425400 0.0226750 0.0455467 0.0458102 0.0462392 0.0852797 0.0296717 0.0500613 0.0432104 0.1173959 0.0463644 0.0431614 0.0511145 0.0426901 0.0438760 0.0499275 0.0341425 0.0445372 0.0610006 0.0455751 0.0553979 0.0660361 0.0431522 0.0462320 0.0744601 0.0453619 0.0445197 0.0401314 0.0743157 0.1002903 0.0479256 0.0477888 0.0411275 0.0472578 0.0421386 0.0768614 0.0522425 0.0414886 0.0507850 0.0569171 0.0452610 0.0430793 0.0610444 0.0867844 0.0703812 0.0913434 0.0451949 0.0421833 0.0505059 0.0526964 0.0386029 0.0482155 0.1063277 0.0339796 0.0427121 0.0470121 0.0761535 0.0432104 0.1283834 0.0932066 0.0795330 0.0483696 0.0749648 0.0434659 0.0841514 0.0390025 0.1700143 0.0453702 0.0457453 0.0853703 0.0404512 0.0445482 0.0704288 0.0415400 0.0446867 0.0461284 0.0463709 0.0095205 0.0445482 0.0479190 0.0476988 0.0463442 0.0447563 0.0481357 0.0892058 0.0384915 0.0369562 0.0451158 0.0522447 0.0761088 0.0955080 0.0444971 0.0447076 0.0432892 0.0843070 0.0989338 0.3092963 0.0281165 0.0446849 0.0452224 0.0478849 0.0479747 0.0192852 0.0384915 0.0883126 0.0178594 0.0479848 0.0452736 0.0747725 0.0619463 0.0549651 0.0464901 0.0433166 0.0895820 0.0447362 0.0772293 0.0833658 0.0456774 0.0443508 0.0178677 0.0934252 0.0387060 0.0510412 0.0725568 0.0435921 0.0431541 0.0583566 0.0770807 
2G12_765_65                                    0.0495362 0.0477350 0.0480670 0.0221790 0.0461003 0.1424928 0.0527210 0.0461003 0.0477350 0.0742164 0.0447684 0.0000000 0.0427213 0.0803006 0.0483441 0.0545794 0.0742164 0.0908661 0.0221804 0.0221804 0.0512350 0.0782947 0.0763815 0.0237148 0.0702891 0.0477350 0.0477350 0.0688813 0.0742164 0.0516263 0.0057713 0.0447242 0.0431429 0.0221804 0.0480580 0.0461003 0.0463759 0.0398579 0.0430763 0.0742164 0.0414276 0.0551030 0.0673703 0.0060166 0.0479688 0.0430763 0.0467440 0.0497769 0.0479040 0.0703819 0.0221804 0.0956669 0.0880461 0.0591014 0.0414805 0.0476541 0.0360010 0.0448428 0.0742164 0.0348524 0.0497485 0.0157951 0.0221790 0.0746137 0.0477350 0.0416077 0.0057607 0.0430763 0.0057607 0.0511382 0.0221790 0.0222120 0.0237064 0.0750767 0.0365658 0.0464428 0.0000010 0.1190703 0.0564573 0.0563105 0.0430763 0.0000010 0.0014521 0.0496137 0.0299995 0.0074424 0.0333552 0.0209978 0.0574589 0.0693303 0.0000010 0.0495362 0.0724234 0.0221804 0.0570621 0.0496053 0.0743360 0.0512707 0.0545857 0.0528930 0.0439877 0.0243150 0.0418745 0.0724185 0.0477350 0.0510329 0.0238247 0.0480194 0.0478087 0.0412648 0.0695717 0.0903986 0.0720318 0.0981763 0.0477350 0.0117372 0.0000010 0.0625895 0.0462863 0.0483441 0.1005020 0.0565181 0.0388765 0.0477350 0.0742164 0.0000010 0.1007759 0.0954691 0.0742164 0.0015416 0.0745661 0.0465308 0.0761094 0.0029989 0.1455044 0.0000010 0.0221804 0.0685053 0.0384539 0.0477350 0.0720500 0.0527072 0.0579940 0.0444881 0.0237064 0.0381018 0.0477350 0.0480457 0.0474135 0.0436628 0.0014308 0.0547566 0.0901114 0.0444921 0.0477288 0.0146289 0.0281932 0.0724530 0.0948143 0.0014343 0.0221790 0.0101543 0.0778542 0.0982043 0.2759478 0.0348524 0.0478888 0.0221804 0.0058394 0.0116738 0.0531461 0.0444921 0.0817260 0.0480580 0.0477350 0.0477560 0.0742164 0.0428320 0.0545627 0.0496249 0.0480967 0.0831771 0.0479508 0.0742164 0.0771252 0.0430763 0.0430763 0.0481006 0.0839860 0.0398474 0.0284229 0.0742164 0.0430763 0.0161013 0.0494679 0.0744509 
3B4_776_133                                    0.0732554 0.0691314 0.0716150 0.0180810 0.0672039 0.1544298 0.0809914 0.0672039 0.0691314 0.0986728 0.0677255 0.0427213 0.0000000 0.0986728 0.0761668 0.0353733 0.0986728 0.0859062 0.0214887 0.0214887 0.0713094 0.1065468 0.1035427 0.0197789 0.0951942 0.0691314 0.0691314 0.0772605 0.0986728 0.0779950 0.0427947 0.0758517 0.0738410 0.0214887 0.0716272 0.0672039 0.0695859 0.0618906 0.0738410 0.0986728 0.0758400 0.0839757 0.0673703 0.0445600 0.0675468 0.0738410 0.0682852 0.0697154 0.0381939 0.1018890 0.0214887 0.1434202 0.1178592 0.0590543 0.0736706 0.0780052 0.0370167 0.0176402 0.0986728 0.0596393 0.0776451 0.0323876 0.0180810 0.0984132 0.0691314 0.0660101 0.0426999 0.0738410 0.0426999 0.0781181 0.0180810 0.0180810 0.0197711 0.0965369 0.0617788 0.0674321 0.0427213 0.1222525 0.0815960 0.0773369 0.0738410 0.0427213 0.0453526 0.0669437 0.0688663 0.0519474 0.0562153 0.0218950 0.0626741 0.0994678 0.0427213 0.0752538 0.1008204 0.0214887 0.0826423 0.0694371 0.0988553 0.0933908 0.0772631 0.0772572 0.0690894 0.0181398 0.0684966 0.0965366 0.0691314 0.0749799 0.0180810 0.0692540 0.0692540 0.0672965 0.0998735 0.1201267 0.0965694 0.0981763 0.0691314 0.0337518 0.0427213 0.0625895 0.0774058 0.0761668 0.1004223 0.0817356 0.0713552 0.0691314 0.0986728 0.0427213 0.0898790 0.1087422 0.0986728 0.0427213 0.0992069 0.0679264 0.0948874 0.0635800 0.1700143 0.0427213 0.0214887 0.0855334 0.0618705 0.0691314 0.0987762 0.0769751 0.0833859 0.0711654 0.0197711 0.0597207 0.0691314 0.0715781 0.0705413 0.0740961 0.0445561 0.0774018 0.1204049 0.0672096 0.0710566 0.0426760 0.0197711 0.0965882 0.1099909 0.0445338 0.0180810 0.0336971 0.0986728 0.1059888 0.3203825 0.0596393 0.0792769 0.0214887 0.0433937 0.0428738 0.0716905 0.0672096 0.0985830 0.0637473 0.0691314 0.0691666 0.0986728 0.0288826 0.0545182 0.0693770 0.0697329 0.1039465 0.0672839 0.0986728 0.0986728 0.0738410 0.0738410 0.0657662 0.0821803 0.0638217 0.0446381 0.0986728 0.0738410 0.0444864 0.0710982 0.0986728 
3G7_763_94                                     0.0862537 0.0937921 0.0885511 0.0782956 0.0918569 0.1805379 0.0937520 0.0918569 0.0937921 0.0030157 0.0867062 0.0803006 0.0986728 0.0000000 0.0992188 0.1124593 0.0030157 0.0018749 0.0821345 0.0821345 0.0921627 0.0094281 0.0060898 0.0802045 0.0031623 0.0937921 0.0937921 0.0862044 0.0030157 0.0843934 0.0843017 0.0849114 0.0868773 0.0821345 0.0886017 0.0918569 0.0826348 0.0809033 0.0868773 0.0030157 0.0947242 0.1008905 0.2007606 0.0803797 0.0923134 0.0868773 0.0913002 0.0828172 0.1110093 0.1113164 0.0821345 0.1033399 0.1057149 0.0951142 0.0789818 0.0829597 0.0934956 0.1102313 0.0030157 0.0843221 0.0827994 0.0917912 0.0782956 0.0030776 0.0937921 0.0909176 0.0879722 0.0868773 0.0879722 0.0870410 0.0782956 0.0782956 0.0801708 0.0045892 0.0865649 0.0921607 0.0803006 0.1420520 0.0944681 0.0862233 0.0868773 0.0803006 0.0836921 0.0941358 0.0806269 0.0868818 0.1028909 0.0837426 0.1174981 0.1090734 0.0803006 0.0862904 0.0045358 0.0821345 0.0894751 0.0824976 0.0030205 0.1005527 0.0921560 0.0862537 0.0882787 0.0757016 0.0935957 0.0045355 0.0937921 0.0859939 0.0782956 0.0939541 0.0939541 0.0999309 0.1094968 0.1077903 0.0030720 0.1208549 0.0937921 0.0842122 0.0803006 0.1018105 0.0942333 0.0992188 0.1211078 0.0847387 0.0846871 0.0937921 0.0030157 0.0803006 0.1569527 0.1340235 0.0030157 0.0785256 0.0030294 0.0928212 0.0045664 0.0663943 0.0981771 0.0803006 0.0821345 0.1125940 0.0911763 0.0937921 0.0030824 0.0879407 0.0881386 0.0958309 0.0801708 0.0844355 0.0937921 0.0885068 0.0956591 0.0871658 0.0822273 0.0923154 0.1080221 0.0841222 0.0860062 0.0802159 0.0761424 0.0045359 0.1106316 0.0821868 0.0782956 0.0821404 0.0000010 0.1097603 0.3398195 0.0843221 0.0940985 0.0821345 0.0854818 0.0863761 0.0867432 0.0841222 0.0030698 0.0847509 0.0937921 0.0938390 0.0030157 0.0777455 0.1053978 0.0942797 0.0925939 0.0045569 0.0942659 0.0030157 0.0045339 0.0868773 0.0868773 0.0847993 0.0000010 0.0886275 0.0961031 0.0030157 0.0868773 0.0783009 0.0957762 0.0030157 
Sebastes_eos-OP035269.2_15142_14393            0.0480544 0.0484602 0.0561522 0.0527657 0.0464335 0.1428453 0.0541990 0.0463659 0.0492442 0.0830606 0.0482155 0.0483441 0.0761668 0.0992188 0.0000000 0.0779335 0.0843488 0.1072673 0.0537028 0.0527690 0.0480774 0.0891558 0.0869401 0.0571972 0.0797617 0.0486758 0.0486758 0.0605901 0.0853761 0.0483843 0.0495666 0.0665089 0.0621233 0.0527690 0.0495331 0.0470448 0.0545183 0.0435444 0.0580239 0.0830606 0.0484142 0.0386947 0.1339794 0.0487283 0.0560907 0.0588700 0.0460743 0.0466872 0.0856202 0.0741338 0.0527690 0.0940385 0.0800365 0.0556074 0.0417818 0.0495457 0.0716404 0.0850077 0.0933394 0.0403065 0.0545692 0.0477031 0.0536994 0.0947335 0.0607881 0.0358231 0.0507950 0.0580239 0.0491116 0.0593505 0.0537722 0.0540883 0.0543370 0.0937928 0.0419627 0.0536707 0.0465305 0.1169297 0.0545445 0.0527779 0.0663368 0.0460783 0.0488278 0.0557248 0.0453005 0.0544735 0.0645783 0.0538059 0.0773300 0.0785064 0.0465817 0.0512056 0.0834329 0.0535502 0.0544705 0.0465362 0.0852420 0.0798343 0.0529462 0.0527935 0.0477081 0.0567585 0.0375136 0.0879817 0.0558159 0.0432552 0.0594948 0.0606521 0.0486825 0.0433181 0.0730261 0.0867907 0.0811053 0.1200509 0.0486107 0.0472848 0.0540010 0.0714042 0.0527984 0.0000010 0.0961031 0.0593788 0.0557652 0.0504735 0.0873891 0.0465305 0.1421955 0.1141635 0.0906339 0.0522756 0.0860005 0.0468437 0.0962414 0.0422141 0.1708713 0.0488783 0.0540104 0.1034846 0.0422464 0.0479079 0.0828852 0.0433091 0.0543496 0.0463856 0.0544939 0.0434060 0.0479079 0.0561285 0.0514558 0.0618728 0.0480989 0.0531812 0.0892126 0.0402413 0.0417346 0.0486015 0.0615173 0.0873375 0.0908727 0.0479297 0.0527657 0.0481877 0.0969367 0.0941984 0.3258936 0.0403065 0.0496108 0.0533829 0.0546464 0.0497838 0.0546126 0.0402413 0.1031285 0.0497943 0.0515288 0.0471078 0.0857750 0.0713507 0.0552010 0.0499069 0.0482510 0.1020679 0.0481121 0.0886474 0.0955719 0.0609617 0.0591476 0.0514024 0.1027050 0.0373885 0.0592683 0.0831879 0.0581104 0.0464692 0.0621006 0.0884735 
3B10_618_400                                   0.0612339 0.0611421 0.0679076 0.0353733 0.0611421 0.0000010 0.0747049 0.0611421 0.0611421 0.1124593 0.0553154 0.0545794 0.0353733 0.1124593 0.0779335 0.0000000 0.1124593 0.1124593 0.0291923 0.0291923 0.0552830 0.1124593 0.1124593 0.0353733 0.1124593 0.0611421 0.0611421 0.0000010 0.1124593 0.0611579 0.0612513 0.0748398 0.0748398 0.0291923 0.0688442 0.0611421 0.0611248 0.0553154 0.0748398 0.1124593 0.0830353 0.0627311 0.0000010 0.0545794 0.0611421 0.0748398 0.0611421 0.0416226 0.0650328 0.0688442 0.0291923 0.1335375 0.1335375 0.0748195 0.0756273 0.0803509 0.0353733 0.0833435 0.1124593 0.0609437 0.0686343 0.0504137 0.0353733 0.1124593 0.0611421 0.0547196 0.0611421 0.0748398 0.0611421 0.0758414 0.0353733 0.0353733 0.0353733 0.1048005 0.0685280 0.0611421 0.0545794 0.2013144 0.0612339 0.0610333 0.0748398 0.0545794 0.0612339 0.0611421 0.0375620 0.0545794 0.0975116 0.0291923 0.0716357 0.0688442 0.0545794 0.0748195 0.1202607 0.0291923 0.0678047 0.0416226 0.1124593 0.0000010 0.0680296 0.0612339 0.0611421 0.0353733 0.0621531 0.1124593 0.0611421 0.0748195 0.0353733 0.0611421 0.0611421 0.0480347 0.0688442 0.1335375 0.1124593 0.1086304 0.0611421 0.0480205 0.0545794 0.0582889 0.0680296 0.0779335 0.1335375 0.0746861 0.0748398 0.0611421 0.1124593 0.0545794 0.0589047 0.1242278 0.1124593 0.0545794 0.1124593 0.0611421 0.1049964 0.0781005 0.0000010 0.0545794 0.0291923 0.0000010 0.0545654 0.0611421 0.1124593 0.0748195 0.0678047 0.0544846 0.0353733 0.0481195 0.0611421 0.0611248 0.0554510 0.0748398 0.0545794 0.0680296 0.1335375 0.0546745 0.0748391 0.0544985 0.0353733 0.1124593 0.1335375 0.0545794 0.0353733 0.0480205 0.1124593 0.1335375 0.3463041 0.0609437 0.0544846 0.0291923 0.0620726 0.0545794 0.0620694 0.0546745 0.1124593 0.0619750 0.0611421 0.0679264 0.1124593 0.0423358 0.0684338 0.0611421 0.0544900 0.1124593 0.0615027 0.1124593 0.1124593 0.0748398 0.0748398 0.0553154 0.1124593 0.0547196 0.0545952 0.1124593 0.0748398 0.0544985 0.0679087 0.1124593 
4B2_763_24                                     0.0749164 0.0832353 0.0768874 0.0698221 0.0816603 0.1805379 0.0815044 0.0815352 0.0843662 0.0000010 0.0735509 0.0742164 0.0986728 0.0030157 0.0843488 0.1124593 0.0000000 0.0018749 0.0734209 0.0732075 0.0818122 0.0056178 0.0027267 0.0753411 0.0000010 0.0833521 0.0833521 0.0862044 0.0000010 0.0749870 0.0745168 0.0738900 0.0796365 0.0732075 0.0762263 0.0815352 0.0717232 0.0684967 0.0756122 0.0000010 0.0824906 0.0878802 0.2007606 0.0794944 0.0922194 0.0757184 0.0809213 0.0718639 0.1010283 0.0963885 0.0732075 0.0884542 0.0934546 0.0951142 0.0668226 0.0717350 0.0828889 0.1102313 0.0042269 0.0715295 0.0701523 0.0917912 0.0700248 0.0029586 0.0894191 0.0772986 0.0790780 0.0756122 0.0773404 0.0753143 0.0701218 0.0705415 0.0714797 0.0015125 0.0734455 0.0883092 0.0716141 0.1420520 0.0820547 0.0766045 0.0800284 0.0706344 0.0744767 0.0939704 0.0697648 0.0771746 0.0896196 0.0745986 0.1174981 0.0981670 0.0714276 0.0749444 0.0013567 0.0732075 0.0796920 0.0716185 0.0000010 0.1005527 0.0800713 0.0766286 0.0801956 0.0757016 0.0794235 0.0041596 0.0899545 0.0747164 0.0767589 0.0961076 0.0833631 0.0851196 0.0950550 0.0996198 0.0000010 0.1208549 0.0832353 0.0742904 0.0771712 0.1018105 0.0801374 0.0843488 0.1211078 0.0735135 0.0735129 0.0857375 0.0000010 0.0716141 0.1592292 0.1340235 0.0027450 0.0804486 0.0000010 0.0824224 0.0074169 0.0525941 0.0981771 0.0742169 0.0738516 0.1125940 0.0773722 0.0832353 0.0000010 0.0747116 0.0782893 0.0815714 0.0714797 0.0733136 0.0832353 0.0768534 0.0895318 0.0795103 0.0733135 0.0804413 0.1021858 0.0730730 0.0730266 0.0737822 0.0799108 0.0027986 0.1106316 0.0728420 0.0698221 0.0732443 0.0000010 0.1097603 0.3253987 0.0715295 0.0817705 0.0732075 0.0802677 0.0786390 0.0752927 0.0730730 0.0061776 0.0718498 0.0873211 0.0833891 0.0000010 0.0861503 0.1053978 0.0837489 0.0821169 0.0059992 0.0836091 0.0000010 0.0014828 0.0783179 0.0759422 0.0718863 0.0000010 0.0752273 0.0872037 0.0000010 0.0757287 0.0681745 0.0995779 0.0000010 
2E7_767_228                                    0.0960816 0.0957498 0.0990721 0.0859062 0.0957498 0.1805379 0.1031155 0.0957498 0.0957498 0.0018749 0.0917243 0.0908661 0.0859062 0.0018749 0.1072673 0.1124593 0.0018749 0.0000000 0.0908013 0.0908013 0.1036628 0.0098295 0.0056938 0.0883381 0.0019770 0.0957498 0.0957498 0.0966473 0.0018749 0.0912281 0.0933387 0.0894622 0.0919527 0.0908013 0.0966244 0.0957498 0.0939781 0.0868353 0.0919527 0.0018749 0.1070619 0.1067234 0.2059949 0.0933968 0.0963474 0.0919527 0.0951132 0.0917411 0.1187162 0.1115240 0.0908013 0.1221674 0.1213398 0.0915280 0.0867970 0.0891477 0.1053571 0.1159114 0.0018749 0.0935611 0.0891936 0.0923340 0.0859062 0.0019113 0.0957498 0.0991786 0.0982071 0.0919527 0.0982071 0.0893109 0.0859062 0.0859062 0.0882913 0.0037612 0.0964681 0.0957498 0.0908661 0.1467273 0.1041125 0.0911224 0.0919527 0.0908661 0.0949912 0.0957498 0.0775639 0.0992860 0.1149776 0.0930568 0.1218154 0.1092609 0.0908661 0.0960820 0.0037632 0.0908013 0.0953360 0.0912933 0.0018749 0.0749086 0.1011197 0.0960816 0.0930096 0.0859062 0.1026158 0.0018749 0.0957498 0.0908257 0.0859062 0.0957498 0.0957498 0.1109847 0.1097902 0.1240378 0.0019014 0.1208549 0.0957498 0.0932138 0.0908661 0.1025236 0.1037849 0.1072673 0.1273129 0.0941471 0.0888489 0.0957498 0.0018749 0.0908661 0.1426643 0.1340235 0.0018749 0.0908661 0.0018823 0.0968028 0.0037950 0.0854506 0.0981771 0.0908661 0.0908013 0.1262213 0.0970235 0.0957498 0.0019190 0.0932888 0.0935445 0.1082771 0.0882913 0.0912933 0.0957498 0.0990094 0.1002209 0.0919527 0.0933384 0.1011197 0.1240378 0.0958094 0.0908419 0.0883542 0.0882913 0.0037634 0.1228101 0.0908661 0.0859062 0.0932138 0.0018749 0.1188840 0.3857516 0.0935611 0.0986462 0.0908013 0.0975193 0.0962109 0.0892969 0.0958094 0.0019151 0.0892492 0.0957498 0.0982514 0.0018749 0.0853573 0.1064745 0.0959569 0.0938614 0.0018749 0.0959482 0.0018749 0.0018749 0.0919527 0.0919527 0.0893050 0.0018749 0.0991786 0.1061722 0.0018749 0.0919527 0.0859141 0.0982424 0.0018749 
4F5_767_30                                     0.0515975 0.0467320 0.0502023 0.0027222 0.0452495 0.1544298 0.0546326 0.0451833 0.0472025 0.0734209 0.0454889 0.0221804 0.0214887 0.0821345 0.0537028 0.0291923 0.0734209 0.0908013 0.0000000 0.0000010 0.0516224 0.0791523 0.0771935 0.0068707 0.0679274 0.0467940 0.0467940 0.0772605 0.0740788 0.0568594 0.0227780 0.0485900 0.0516096 0.0000010 0.0491115 0.0451833 0.0485860 0.0408154 0.0470082 0.0734209 0.0485835 0.0569281 0.0673703 0.0263977 0.0540129 0.0470709 0.0457812 0.0486612 0.0231283 0.0750825 0.0000010 0.1000450 0.0900673 0.0590591 0.0502363 0.0531172 0.0173008 0.0216238 0.0814617 0.0390964 0.0534124 0.0295600 0.0027222 0.0782498 0.0519866 0.0456806 0.0240799 0.0470082 0.0226098 0.0548584 0.0027255 0.0027402 0.0040913 0.0769017 0.0407549 0.0499577 0.0239602 0.1272707 0.0582084 0.0564646 0.0506115 0.0226483 0.0258033 0.0513690 0.0383804 0.0307682 0.0315750 0.0027638 0.0600373 0.0783975 0.0228846 0.0515975 0.0752408 0.0000010 0.0605598 0.0485023 0.0739650 0.0800089 0.0531984 0.0564175 0.0481150 0.0031317 0.0474884 0.0764937 0.0521360 0.0530390 0.0056914 0.0584770 0.0468005 0.0421361 0.0758792 0.0939114 0.0713403 0.0981763 0.0467320 0.0173039 0.0284600 0.0662294 0.0532779 0.0537028 0.1053778 0.0518154 0.0446346 0.0487150 0.0757852 0.0239602 0.0732732 0.1053500 0.0775348 0.0256272 0.0746079 0.0456506 0.0797437 0.0194276 0.1700143 0.0246986 0.0000010 0.0855334 0.0425963 0.0467320 0.0730866 0.0530357 0.0613290 0.0452182 0.0040913 0.0406863 0.0467320 0.0501811 0.0490868 0.0491751 0.0254299 0.0534355 0.0982738 0.0467754 0.0483012 0.0245654 0.0075747 0.0757409 0.0991034 0.0242740 0.0027222 0.0167145 0.0797083 0.1025751 0.2489089 0.0390964 0.0564175 0.0000010 0.0274042 0.0254932 0.0502478 0.0467754 0.0855663 0.0423240 0.0494286 0.0468136 0.0744175 0.0245907 0.0524111 0.0470073 0.0470677 0.0850029 0.0469323 0.0768504 0.0789209 0.0484717 0.0470709 0.0454945 0.0838872 0.0439115 0.0225219 0.0735331 0.0470776 0.0239298 0.0616927 0.0767033 
